muE = 398600; % km^3/s^2