% Hailey Orr 421 Final Project Part 2
% torque free motion


% givens in normal ops

w_b_eci = [0.001
    -0.001
    0.002];

J = [812.0396         0         0
         0  545.3729         0
         0         0  627.7083];

m = 640;

com = [0 0 0.2344];